ECH Racice, Czech Republic                                                                                         26 - 28 May
    13                                            RACE DATA                                                            W8+
  (Event)
                                                Women's Eight                                                               X
                                                        26 MAY 2017                                                Race 1
                   GBR            BLR                  RUS                     ROU             NED
     Dist.
              Speed    Stroke Speed   Stroke     Speed       Stroke      Speed      Stroke Speed     Stroke     Speed    Stroke
      [m]      [m/s]           [m/s]               [m/s]                  [m/s]             [m/s]                [m/s]
       50         4.3    44.0    4.1    46.0          4.2        43.0         4.3     46.0    4.1       46.0
      100         5.6    44.0    5.4    45.0          5.5        43.0         5.6     45.0    5.5       44.0
      150         6.0    42.0    5.7    44.0          5.9        39.0         6.0     45.0    5.8       42.0
      200         6.1    41.0    5.7    42.0          5.9        37.0         6.1     43.0    5.8       40.0
      250         5.9    41.0    5.6    41.0          5.7        37.0         6.0     42.0    5.7       40.0
      300         5.9    40.0    5.4    40.0          5.5        36.0         5.8     41.0    5.6       39.0
      350         5.8    39.0    5.4    39.0          5.4        36.0         5.7     40.0    5.4       38.0
      400         5.6    39.0    5.3    39.0          5.4        35.0         5.7     40.0    5.4       38.0
      450         5.5    38.0    5.3    39.0          5.4        35.0         5.6     40.0    5.4       37.0
      500         5.5    37.0    5.2    38.0          5.4        34.0         5.6     39.0    5.4       37.0
      550         5.4    37.0    5.1    38.0          5.3        34.0         5.5     38.0    5.4       37.0
      600         5.3    37.0    5.1    38.0          5.3        34.0         5.4     38.0    5.3       37.0
      650         5.3    36.0    5.0    37.0          5.4        34.0         5.5     37.0    5.2       36.0
      700         5.2    36.0    5.2    37.0          5.2        34.0         5.4     37.0    5.2       36.0
      750         5.3    36.0    5.2    37.0          5.2        34.0         5.5     37.0    5.1       35.0
      800         5.3    36.0    5.3    37.0          5.2        34.0         5.4     37.0    5.1       35.0
      850         5.3    36.0    5.4    38.0          5.2        34.0         5.5     37.0    5.3       35.0
      900         5.2    35.0    5.4    38.0          5.2        34.0         5.4     37.0    5.2       35.0
      950         5.2    35.0    5.2    38.0          5.3        34.0         5.4     37.0    5.3       35.0
     1000         5.3    35.0    5.2    37.0          5.2        34.0         5.3     36.0    5.2       36.0
     1050         5.2    35.0    5.2    37.0          5.3        34.0         5.4     36.0    5.2       36.0
     1100         5.3    35.0    5.2    37.0          5.3        34.0         5.4     36.0    5.3       36.0
     1150         5.1    35.0    5.2    37.0          5.2        34.0         5.5     36.0    5.2       36.0
     1200         5.2    35.0    5.2    37.0          5.2        34.0         5.4     36.0    5.2       35.0
     1250         5.1    35.0    5.2    38.0          5.1        34.0         5.3     35.0    5.2       35.0
     1300         5.2    34.0    5.1    38.0          5.2        34.0         5.3     35.0    5.1       36.0
     1350         5.1    34.0    5.0    37.0          5.1        34.0         5.2     35.0    5.1       36.0
     1400         5.2    34.0    5.0    37.0          5.2        34.0         5.3     35.0    5.1       36.0
     1450         5.2    34.0    5.0    37.0          5.1        34.0         5.2     35.0    5.1       36.0
     1500         5.2    34.0    5.0    37.0          5.2        35.0         5.3     35.0    5.2       36.0
     1550         5.2    34.0    5.0    37.0          5.2        35.0         5.2     35.0    5.1       36.0
     1600         5.3    34.0    5.1    37.0          5.2        35.0         5.3     35.0    5.1       36.0
     1650         5.3    34.0    5.0    37.0          5.2        35.0         5.2     35.0    5.1       36.0
     1700         5.2    35.0    5.0    38.0          5.2        36.0         5.2     35.0    5.2       36.0
     1750         5.3    35.0    5.0    39.0          5.2        36.0         5.2     35.0    5.1       36.0
     1800         5.2    35.0    5.0    39.0          5.2        37.0         5.1     35.0    5.1       37.0
     1850         5.3    35.0    5.0    39.0          5.1        39.0         5.1     35.0    5.0       37.0
     1900         5.2    35.0    5.0    39.0          5.1        38.0         5.2     35.0    5.0       38.0
     1950         5.3    35.0    5.0    39.0          5.2        37.0         5.2     35.0    5.1       38.0
     2000         5.2    35.0    5.0    39.0          5.2        36.0         5.3     35.0    5.0       37.0
INTERNET Service: www.worldrowing.com                                                                                   Page 1/1
FISA Data Service                                                                            data processing by
                                             Report Created FRI 26 MAY 2017 / 14:09

